1 M
2 M
3 M
4 M
5 M
6 M
7 M
8 M
9 M
10 M
11 M
12 M
13 M
14 M
15 M
16 M
17 M
18 M
19 M
20 M
21 M
22 M
23 M
24 M
25 M
26 M
27 M
28 M
29 M
30 M
31 M
32 M
33 M
34 M
35 M
36 M
37 M
38 M
39 M
40 M
41 M
42 M
43 M
44 M
45 M
46 M
47 M
48 M
49 M
50 M
51 M
52 M
53 M
54 M
55 M
56 M
57 M
58 M
59 M
60 M
61 M
62 M
63 M
64 M
65 M
66 M
67 M
68 M
69 M
70 M
71 M
72 M
73 M
74 M
75 M
76 M
77 M
78 M
79 M
80 M
81 M
82 
83 
84 
85 C 86 125
86 C 85 87
87 C 86 88
88 C 87 89
89 C 88
90 
91
92
93 T 94 133
94 C 93 95
95 C 94 96
96 C 95 97
97 C 96 98
98 C 97 99
99 C 98 100
100 C 99 140
101 
102
103
104
105
106
107
108 C 109 148
109 C 108 110
110 C 109 150
111 
112
113
114 C 115 154
115 C 114 116
116 C 115 156
117 
118
119
120 M
121 M
122 
123 C 163 124
124 C 123 125
125 C 124 85
126 
127
128
129
130
131 C 132 171
132 C 131 133
133 C 132 93 173
134 
135
136
137
138
139
140 C 100 180
141
142
143 C 144 183
144 C 143 145
145 C 144 146
146 E 145
147
148 C 108 188
149 
150 C 110 190
151
152
153
154 C 114 194
155
156 C 116 157
157 C 156 158
158 C 157 198
159
160 M
161 M
162 
163 C 123 203
164 
165
166
167
168 C 169 208
169 C 168 170
170 C 169 171
171 C 170 131
172 
173 C 133 213 174
174 C 173 175
175 C 174 176
176 C 175 177
177 C 176 178
178 C 177
179
180 C 140 220
181
182
183 C 143 223
184 
185
186
187
188 C 148 228
189 
190 C 150 191
191 T 190 192 231
192 C 191 193
193 C 192 194
194 C 193 154
195 
196
197
198 C 158 238
199
200 M
201 M
202 
203 C 163 243
204
205
206 C 207 246
207 C 206 208
208 T 207 168 248
209
210
211
212
213 C 173 253
214
215
216
217
218
219
220 C 180 260 221
221 C 220 222
222 C 221 223
223 T 222 183 263
224
225
226
227
228 C 188 268
229
230
231 C 191 271
232
233
234
235
236
237
238 C 198 278
239
240 M
241 M
242 
243 T 203 244 283
244 C 243 245
245 C 244 246
246 C 245 206
247
248 C 208 288
249 
250
251
252
253 C 213 293
254
255 C 295 256
256 C 255 257
257 C 256 258
258 C 257 298
259
260 C 220 300
261
262
263 C 223 303 264
264 C 263 265
265 C 264 266
266 C 265 267
267 C 266 268
268 C 267 269 228
269 C 268 270
270 C 269 271
271 C 270 272 231
272 C 271 273
273 C 272 274 313
274 C 273
275
276
277
278 C 238 318
279
280 M
281 M
282
283 C 243 323
284
285
286
287
288 C 248 328
289
290
291
292
293 C 253 333
294
295 C 255 335
296
297
298 C 258 338
299
300 C 260 340
301 
302
303 C 263 343
304
305
306
307
308
309
310
311
312
313 C 353 273
314
315
316 C 317
317 T 316 318 357
318 C 317 278
319
320 M
321 M
322
323 C 283 324
324 C 323 325 364
325 C 324 326
326 C 325 327
327 C 326 328
328 C 327 329 288
329 C 328 330
330 C 329 331
331 C 330 332 371
332 C 331 333
333 C 332 334 293
334 C 333 335
335 C 334 295 375
336
337
338 C 298 378
339
340 C 300 380
341
342
343 C 303 383
344 
345
346
347
348
349
350
351
352
353 C 313 393
354
355
356
357 C 317 397
358
359
360 M
361 M
362 
363
364 C 324 404
365
366
367
368
369
370
371 C 331 411
372
373
374
375 C 376 335 415
376 C 375 377
377 C 376 378
378 C 377 379 338
379 C 378 380
380 T 379 381 340 420
381 C 380 382
382 C 381 383
383 C 382 343
384 
385 C 425 386
386 C 385 387
387 C 386 388
388 C 387 389
389 C 388 390
390 T 389 391 430
391 C 390 392
392 C 391 393
393 C 392 353
394
395
396
397 C 357 437
398
399
400 M
401 M
402 C 403
403 C 402 404 443
404 T 403 405 364
405 C 404 445
406
407 C 408 447
408 C 407 409
409 C 408 410 449
410 C 409 411
411 T 410 412 371 451
412 C 411 413
413 C 412 414
414 C 413 415
415 C 414 375
416 
417
418
419
420 C 380 460
421
422
423
424
425 C 385 465
426
427
428
429
430 C 390 470
431
432
433
434
435
436
437 C 397 438
438 C 437 439
439 C 438 440
440 D 439
441 M
442
443 C 403 483
444
445 C 405 446
446 C 445 447
447 C 446 407
448
449 C 409 489
450
451 C 411 491
452
453
454
455
456
457
458
459
460 C 420 500 461
461 C 460 462
462 C 461 463
463 C 462 464 503
464 C 463 465
465 C 464 425
466
467 C 507 468
468 C 469 467
469 C 468 470
470 C 469 471 430
471 C 470 472
472 C 471 473
473 C 472 513
474
475
476
477
478
479
480 M
481 M
482
483 C 443 523
484
485
486
487
488
489 C 449 529
490
491 C 451 531 492
492 C 491 493
493 C 492 533
494
495
496 C 536 497
497 C 496 498
498 C 497 499 538
499 C 498 500
500 C 499 460
501
502
503 C 463 543
504
505
506
507 C 547 467
508
509
510
511
512
513 C 553 473
514
515 C 555 516
516 C 515 517
517 C 516 518
518 C 517
519
520 M
521 M
522 C 562 523
523 C 522 524 483
524 C 523 564
525
526
527
528
529 C 489 569
530
531 C 571 491
532
533 C 573 493
534
535
536 C 576 496
537
538 C 578 498
539
540
541 
542
543 C 503 583 544
544 C 543 545
545 C 544 546
546 C 545 547
547 C 546 507 587
548 
549 
550 C 590
551
552
553 C 593 513
554
555 C 515 595
556 
557
558
559
560 M 
561 M 
562 C 522 602
563
564 C 524 565
565 C 564 566
566 C 565 567 606
567 C 566 568
568 C 567 569
569 C 568 529
570
571 C 531 611
572
573 C 533 613
574
575
576 C 536 616
577
578 C 538 618
579
580
581 C 582
582 C 581 583 622
583 C 582 543
584
585
586
587 T 547 627 588
588 C 587 589
589 C 588 590
590 C 589 550
591
592
593 C 553 633
594
595 C 596 555 635
596 C 595 597
597 C 596 598
598 C 599 597
599 C 598 639
600 M
601 M
602 C 562
603
604
605 
606 C 566 646
607
608
609
610 
611 C 651 571
612 
613 C 573
614
615
616 C 656 576
617
618 C 578
619
620
621
622 C 662 582
623
624
625
626
627 C 587
628
629
630
631
632
633 C 673 593
634
635 C 675 595
636
637
638
639 C 679 599
640 M
641 M
642
643
644
645
646 C 606 686
647
648
649
650
651 C 691 611
652
653
654
655
656 C 616 696
657
658
659
660
661
662 C 622 702
663
664
665
666
667
668
669 C 670
670 C 669 671
671 C 670 711 672
672 C 671 673
673 C 672 633
674
675 C 635 715
676
677
678
679 C 639 719
680 M 
681 M
682
683 C 684
684 C 683 685
685 C 686 684
686 T 685 687 646
687 C 686 688
688 C 687 689
689 C 688 690
690 C 689 691
691 C 690 651 692
692 C 691 732
693
694
695
696 C 736 656
697
698
699 C 700 739
700 C 699
701
702 C 662 703
703 C 702 704
704 C 703 705
705 C 704 706
706 C 705 707
707 C 706 747
708
709
710
711 C 751 671
712
713
714
715 C 755 675
716
717
718
719 C 759 679
720 M
721 M
722
723
724
725
726
727
728
729
730
731
732 C 692 733
733 C 732 734
734 C 733 735
735 C 734 736
736 T 737 735 696
737 C 736 738
738 C 737 739
739 C 738 699
740
741
742
743
744
745
746
747 C 707 748
748 C 747 749
749 C 748 750
750 C 751 749
751 C 750 752 711
752 C 751 753
753 C 752 754
754 C 753 755
755 T 754 756 715
756 C 757 755
757 C 758 756
758 C 759 757
759 C 758 719
760 M
761 M
762 M
763 M
764 M
765 M
766 M
767 M
768 M
769 M
770 M
771 M
772 M
773 M
774 M
775 M
776 M
777 M
778 M
779 M
780 M
781 M
782 M
783 M
784 M
785 M
786 M
787 M
788 M
789 M
790 M
791 M
792 M
793 M
794 M
795 M
796 M
797 M
798 M
799 M
800 M
